001 002 003 004 005 006 007 008 009 010 011 012 013 014 015 016 017 018 019 020 021 022 023 024 025 026 027 028 029 030 031 032 033 034 035 036 037 038 039 040 041 042 043 044 045 046 047 048 049 050 051 052 053 054 055 056 057 058 059 060 061 062 063 064 065 066 067 068 069 070 071 072 073 074 075 076 077 078 079 080 081 082 083 084 085 086 087 088 089 090 091 092 093 094 095 096 097 098 099 100 101 102 103 104 105 106 107 108 109 110 111 112 113 114 115 116 117 118 119 120 121 122 123 124 125 126 127 128 129 130 131 132 133 134 135 136 137 138 139 140 141 142 143 144 145 146 147 148 149 150 151 152 153 154 155 156 157 158 159 160 161 162 163 164 165 166 167 168 169 170 171 172 173 174 175 176 177 178 179 180 181 182 183 184 185 186 187 188 189 190 191 192 193 194 195 196 197 198 199 200 201 202 203 204 205 206 207 208 209 210 211 212 213 214 215 216 217 218 219 220 221 222 223 224 225 226 227 228 229 230 231 232 233 234 235 236 237 238 239 240 241 242 243 244 245 246 247 248 249 250 251
242 143 217 113 114 040 132 128 233 241 235 115 203 085 234 018 164 022 206 162 053 020 137 108 190 017 216 084 083 133 019 161 163 174 052 039 021 016
157 006 136 059 229 038 126 078 077 219 156 005 240 058 228 037 155 218 004
130 134 131 091 009 139 160 230 055 186 062 141 080 199 073 121 087 224 117 226 099 171 195 119 211 159 184 061 098 138 008 222 079 158 170 140 118 007 086 090 116 072 120 183 060 194 054 223 129
103 003 154 045 182 071 114 192 002 047 044 189 070 153 102 043 069 191 152 046 187 188 001
135 181 082 125 026 101 171 180 170 239 081 179 172 100 025
131 091 087 124 221 215 238 220 225
214 068 062 106 107 057 237 067 056 066 236
003 073 089 094 045 031 034 071 169 110 042 211 049 015 168 024 044 093 002 088 033 070 030 109 043 092 167 032 001 048 029 069 023 072 014 013 041
112 076 232 208 028 031 034 195 221 247 111 105 207 075 051 231 095 074 027 246 104 050 220 194
130 149 006 142 226 123 169 227 018 178 042 085 164 022 176 012 207 189 198 166 193 017 083 084 165 163 225 016 041 187 021 188 177
103 196 065 121 199 080 124 097 203 178 122 202 201 064 238 102 079 063 096 177
214 212 127 205 123 049 015 168 047 012 166 193 213 204 013 011 165 048 167 046 014 010
248 112 076 139 141 142 185 111 247 219 075 138 222 140 074 213 095 246
094 093 200 092
149 230 148 147
248 229 197 215 198 228 
212 082 208 205 227 081
040 036 210 122 184 176 035 209 039 175 173 183 174
235 225
144 145 146 151 150 243 244 245 249 250 251
115 128 122 214 222
233 201 248 068 242 181 094 135 026 076 065 139 237 141 137 131 089 142 113 157 006
087 091 038 136 097 059 247 130 040 053 110 051 241 180 057 034 031 106 107 071 067
062 105 078 009 160 112 045 205 230 232 028 208 212 101 082 149 134 103 005 003 221 154 229 108 176 064 093 075 121
199 196 197 175 240 239 238 117 012 036 189 148 024 210 156 080 099 179 008 088 022 219 195 246 171 143 227 047 169 125 015 055 124 126 159
192 172 173 174 132 213 033 030 095 070 073 203 119 002 061 178 049 044 215 086 138 109 018 204 184 025 140 004 211 200 114 123 231 085 217 164 096 011 153 066 207 083 050 056 042 104 188 037 226 224 090 092
234 084 020 007 147 077 058 039 190 206 014 166 111 202 155 052 168 228 027 209 074 162 063 100 223 001 127 193 185 017 072 081 220 218 102 158 170 116 035
010 021 032 029 041 043 079 069 023 120 152 183 098 060 118 177 046 194 187 191 
013 216 129 054 048 165 163 133 198 019 161 167 016
001 002 003
004 005 006
007 008 009
010 011 012
013 014 015
016 017 018
019 020
021 022
023 024
172 025 026
027 028
029 030 031
032 033 034
173 035 036
037 038
174 039 040
041 042 169
043 044 045 182
046 047
048 049
050 051
052 053
054 055
056 057
058 059
060 061 062 186
063 064 065
066 067 068
069 070 071
072 073
074 075 076
077 078
079 080 199
081 082
083
084 085
086 087
088 089
090 091
092 093 094
095 208
096 097
098 099
100 101
102 103
104 105
106 107
108
109 110
111 112
113 243
114
115
116 117 230
118 119
120 121
122
123 212
238 124
239 125
240 126
127
128
129 130
131
132
133 134 135 136 196 197
137 232
138 139
140 141
142
143
144
145
146
147 148 149
151 150
152 153 154
155 156 157
158 159 160
161 162
163 164
165 166
167 168
170 171
175 176
177 178
179 180 181
183 184
185
187 188 189
190
191 192
193
194 195
198
200
201
202
203
204 205
206
207
209 210
211
213 
214
215
216 217
218 219
220 221
222
223 224
225
226
227
228 229
231 232
234
235
236 237
241
243
244
245
246 247 248
249
250
251